234629013
235649793
237518890
237810388
239986306
260117796
260117803
260123246
260129954
260129956
260129959
260129961
260129962
260145067
260157132
260157439
260177461
260178121
260181014
260182668
260182703
260184485
260184768
260184775
260185083
260185330
260185442
260185448
260185450
260189236
260189424
260189425
260189426
260189427
260189428
260189429
260189430
260189431
260189432
260189434
260189490
260189491
260189492
260189493
260189495
260189496
260189497
260189498
260189660
260189661
260189662
260189663
260189664
260189665
260189667
260189668
260189669
260189670
260189671
260189672
260189673
260189674
260189675
260189676
260189679
260189680
260189681
260189783
260189784
260189786
260189787
260189789
260189790
260189791
260189792
260189793
260189950
260189951
260189952
260189953
260189954
260189956
260189957
260189958
260189959
260189960
260189983
260196214
260212352
260212353
260212589
260212590
260213492
260213821
260215704
260219968
260220145
260220434
260220556
260221561
260224964
260225947
260228157
260228236
260228317
260231601
260232149
260233449
260233847
260234619
260241948
260243385
260243394
260246978
260247196
260247436
260258086
260258087
260268129
260271973
260273916
260273917
260274084
260274286
260274656
260274948
260281461
260282280
260282596
260283813
260283884
260284369
260284370
260285219
260285238
260285278
260285518
260286254
260289686
260293779
260301108
260301559
260302618
260304824
260305861
260306215
260306290
260307872
260312858
260319074
260328263
260331120
260334853
260336261
260339619
260349772
260366338
260369070
260381058
260381451
260382261
260393358
260399312
260399313
260405751
260405860
260410540
260422746
260506192
260508875
260522335
260573287
260578320
260579708
260586904
260589581
260597309
260611970
260626269
260630241
260665139
260669297
260682245
260687450
260690561
260692629
260693318
260705851
260705853
260706256
260712164
260715040
260719170
260719438
260719492
260719578
260719618
260719731
260735703
260735707
260736285
260738768
260738774
260758960
260761265
260761267
260761270
260761271
260761273
260763604
260773127
260773186
260778296
260778302
260787286
260787316
260789027
260791410
260793645
260806992
260807856
260824671
260825818
260825979
260831509
260831516
260832394
260832937
260832938
260848594
260854662
260872131
260873198
260875905
260875917
260876182
260877187
260912972
260934840
260935226
260937264
260942042
260956414
260959663
260959664
260962236
260962402
260964105
260964314
260972496
260978286
260978382
260987937
260988364
260990856
260997162
261025419
261034193
261052089
261052117
261058718
261066389
261067058
261067059
261090873
261090878
261124181
261124224
261200576
261226112
261302907
261302989
261303116
261304645
261304726
261339014
261345179
261377605
261445406
261477623
261478276
261479501
261483727
261484526
261486384
261571398
261580431
261588880
261709801
261777442
261834047
261834056
261834091
261834113
261879318
261943872
261951551
261963929
261995215
261995749
262069917
262099146
262106820
262120943
262135971
262160759
262160762
262160770
262160778
262160786
262191858
262200123
262205253
262209478
262209826
262237320
262254565
262258503
262268865
262284748
262284749
262284763
262284787
262284793
262284801
262287060
262287073
262287076
262287089
262291413
262317892
262319501
262319778
262350741
262388503
262423191
262423206
262426024
262434109
262441213
262441223
262457617
262496654
262506386
262528164
262528268
262536505
262540213
262584243
262584246
262595125
262608240
262608907
262610168
262612702
262613682
262613732
262613746
262619560
262623934
262624468
262629604
262629635
262629640
262629646
262629650
262629657
262629661
262629663
262629669
262629690
262629750
262629772
262629779
262629781
262629785
262629794
262629805
262629808
262629821
262629834
262629837
262629848
262629853
262629857
262629858
262629867
262629872
262629883
262629891
262629895
262629941
262629956
262630639
262630646
262630647
262630650
262630653
262630657
262630658
262630661
262630662
262630665
262630874
262630876
262630879
262630890
262630901
262630902
262630907
262630908
262630912
262630931
262631252
262631270
262631271
262631276
262631289
262631295
262631297
262631303
262631306
262631328
262631394
262631398
262631406
262631408
262631412
262631415
262631440
262631445
262631448
262631451
262631457
262631465
262631468
262631476
262631478
262631480
262631482
262631489
262631491
262631494
262631686
262631694
262631701
262631704
262631705
262631708
262631709
262631710
262631713
262631716
262631803
262631804
262631807
262631810
262631813
262631830
262631843
262631846
262631852
262631853
262631859
262631863
262631875
262631881
262631886
262631887
262631902
262631935
262631941
262631954
262632050
262632057
262632060
262632072
262632081
262632083
262632087
262632090
262632093
262632105
262632256
262632515
262632519
262632521
262632527
262632534
262632536
262632542
262632550
262632568
262632570
262632571
262632581
262632582
262632587
262632593
262632704
262632705
262632708
262632796
262632808
262632817
262632829
262633878
262633879
262633882
262633883
262634051
262635969
262635986
262636490
262636493
262636494
262636517
262636520
262636521
262636527
262636536
262636538
262636541
262636557
262636570
262636884
262636912
262636924
262636963
262636983
262636984
262636992
262636994
262636998
262637016
262637017
262637019
262637029
262637048
262637074
262637078
262637095
262637096
262637104
262637114
262637119
262637131
262637132
262637137
262637146
262637147
262637149
262637150
262637163
262637168
262637173
262637181
262637182
262637195
262637197
262637203
262637205
262637206
262637210
262637217
262637227
262637242
262637248
262637250
262637259
262637275
262637279
262637364
262637384
262637387
262637398
262637405
262637409
262637410
262637415
262637420
262637421
262637496
262637510
262637513
262637519
262637645
262637646
262637649
262637650
262637651
262637665
262637667
262637670
262637671
262637672
262638058
262638062
262638067
262638068
262638075
262638081
262638084
262638091
262638093
262638095
262638098
262638104
262638118
262638125
262638135
262638136
262638140
262638146
262638154
262638156
262638193
262638202
262638205
262638208
262638229
262638230
262638253
262638257
262638278
262638284
262638286
262638289
262638291
262638315
262638316
262638441
262638449
262638457
262638463
262638473
262638475
262638479
262638523
262638532
262638547
262638550
262638556
262638560
262638576
262638587
262638590
262638605
262638609
262638610
262638621
262638629
262638669
262638872
262638873
262638894
262638898
262638901
262638906
262638920
262638927
262638936
262638937
262638948
262638949
262638958
262638970
262638980
262639012
262639013
262639024
262639029
262639089
262639091
262639102
262639104
262639105
262639107
262639125
262639131
262639149
262639153
262639161
262639162
262639171
262639187
262639206
262639207
262639227
262639241
262639242
262639245
262639247
262639248
262639284
262639297
262639298
262639306
262639312
262639317
262639321
262639325
262639336
262639340
262639343
262639354
262639358
262639365
262639380
262639409
262639416
262639425
262639431
262639434
262639443
262639445
262639453
262639456
262639459
262639471
262639523
262639528
262639535
262639551
262639554
262639556
262639562
262639563
262639567
262639574
262639585
262639589
262639592
262639604
262639613
262639623
262639625
262639636
262639656
262639661
262639667
262639693
262639695
262639716
262639717
262639728
262639732
262639735
262639752
262639762
262639763
262639782
262639789
262639795
262639798
262639810
262639821
262639828
262639835
262639837
262639839
262640223
262640229
262640230
262640237
262640238
262640239
262640249
262640271
262640283
262640284
262640352
262640378
262640391
262640392
262642250
262642257
262642259
262642363
262642385
262642386
262642390
262642393
262642394
262642398
262642405
262642407
262642418
262643271
262643272
262643284
262643292
262643304
262643310
262643315
262643363
262643376
262643382
262643392
262643402
262643404
262643406
262643409
262643418
262643419
262643429
262691825
262692502
262707632
262707671
262707679
262708741
262712873
262713494
262715609
262715621
262715626
262715646
262724778
262725051
262734173
262735306
262751249
262751875
262760859
262765074
262785540
262787917
262801570
262812809
262843249
262852989
262852994
262878440
262878529
262878836
262883010
262887072
262919404
262938555
262940501
262942985
262944195
262969249
262969260
262969265
262973812
263036964
263038208
263038219
263038253
263045689
263046209
263047376
263066551
263068592
263075413
263075416
263076378
263080359
263104932
263104934
263104971
263106786
263106789
263106795
263110208
263114909
263116443
263116453
263116863
263116951
263117086
263117090
263123506
263153734
263154529
263162283
263166843
263166852
263174226
263204025
263217623
263217635
263217642
263217646
263217649
263217652
263217653
263217662
263217675
263217695
263217708
263217715
263217716
263217721
263217732
263217739
263220849
263220858
263220863
263224845
263229357
263229970
263237314
263240587
263241827
263243303
263244069
263252240
263252690
263253594
263283846
263291513
263291960
263302823
263305993
263306371
263318895
263319962
263323649
263325510
263350819
263350867
263359392
263372339
263376140
263417842
263420689
263427068
263429902
263432771
263432773
263432809
263435245
263451280
263454301
263454474
263454816
263455010
263455040
263455068
263455069
263455079
263455092
263455093
263455094
263455096
263455104
263455105
263455121
263455394
263455419
263455619
263455620
263455627
263455632
263455637
263455684
263455702
263455715
263455718
263455720
263455723
263455725
263455732
263455760
263455761
263455819
263456939
263456956
263456965
263456974
263456982
263457017
263457025
263457029
263457030
263457046
263457317
263457792
263459309
263464845
263465701
263465765
263470838
263472430
263472508
263472543
263488061
263488063
263488076
263488126
263493539
263518014
263518039
263523960
263533520
263625102
263633094
263653626
263654304
263660910
263694076
263695216
263704976
263721822
263723271
263723694
263724551
263724781
263724904
263725501
263725531
263725831
263728796
263732472
263734635
263734636
263734643
263734645
263734670
263735698
263735704
263735714
263735726
263758639
263760272
263760457
263820110
263847132
263872824
263873632
263873839
263876318
263885370
263890736
263892960
263899439
263899480
263899493
263899529
263901472
263917417
263925530
263926871
263930519
263931220
263953462
263958065
263959632
263959975
263960126
263960189
263971502
264061803
264063184
264063314
264063321
264067889
264067890
264067894
264067902
264067910
264068085
264068092
264068120
264068136
264068141
264068149
264068160
264068164
264068165
264068167
264068172
264068280
264068593
264068594
264068857
264068861
264068865
264068868
264068870
264068879
264068903
264068906
264068908
264068912
264069105
264069864
264069865
264069868
264069871
264069880
264069889
264069890
264069893
264069905
264073295
264073302
264074359
264074642
264076309
264081428
264081456
264124072
264124196
264170380
264172105
264197208
264198806
264210702
264211459
264214652
264226970
264241432
264250241
264258808
264278614
264287797
264290934
264302289
264303595
264305302
264306037
264323582
264324913
264327363
264340828
264342156
264345726
264349178
264360127
264361467
264363348
264381569
264384630
264387092
264393404
264401813
264402210
264402269
264405960
264406793
264412472
264418593
264452598
264455918
264456805
264472148
264476834
264488285
264490673
264495705
264505380
264507019
264508205
264510284
264518396
264544382
264546446
264553715
264579828
264586703
264592732
264603682
264612154
264632682
264638580
264649625
264659319
264659489
264659553
264670117
264675306
264679626
264681158
264690531
264696182
264714369
264717701
264719656
264721220
264727150
264731274
264743349
264748349
264757331
264766216
264786550
264789829
264791495
264795638
264810669
264820591
264825719
264827732
264833205
264839208
264842053
264843931
264851893
264853952
264867506
264869157
264873440
264874416
264889802
264891329
264893415
264895762
264904720
264913269
264914850
264920216
264922097
264922709
264924737
264936205
264936694
264937886
264942410
264948027
264950298
264954582
264963095
264963378
264965387
264969115
264972605
264976041
264976068
264978981
264989436
264991131
265013037
265019019
265025501
265025843
265034579
265036858
265045401
265049446
265061241
265066068
265066806
265077161
265085818
265088692
265090214
265097641
265106492
265122381
265129481
265133196
265141260
265142387
265144015
265147708
265152089
265173035
265175657
265184835
265197047
265206625
265219025
265223416
265224342
265242103
265243625
265244354
265253126
265255185
265255859
265256383
265259248
265276875
265280151
265281413
265289884
265290105
265295431
265295654
265298861
265323074
265325310
265327060
265331654
265345022
265345317
265346010
265346021
265346026
265346053
265362374
265371728
265384102
265385146
265389846
265390019
265392232
265404435
265419383
265421495
265422546
265427020
265437298
265440438
265446780
265451015
265453771
265456292
265463556
265471491
265472823
265477892
265478116
265480443
265486438
265497346
265513182
265514359
265517340
265520702
265522667
265522735
265525097
265528979
265543747
265563440
265567331
265569578
265585409
265585474
265602770
265617858
265624471
265640959
265643297
265645117
265646202
265667919
265674897
265680697
265684925
265697929
265706779
265713198
265716437
265716624
265717642
265721201
265745594
265745662
265759282
265762940
265772415
265772871
265774598
265780214
265780285
265781491
265787909
265809972
265821090
265834916
265839746
265840331
265842587
265848234
265855156
265864462
265889814
265896270
265913105
265921180
265924575
265926210
265930430
265930713
265932268
265936676
265949761
265951575
265957714
265958877
265961673
265962248
265973342
265983025
265998425
266001052
266004370
266011524
266021279
266033482
266039553
266042082
266044950
266056442
266059565
266063994
266072702
266080510
266082095
266082407
266082846
266088230
266112789
266128386
266128596
266129962
266130783
266132976
266134891
266137923
266150452
266150656
266155917
266163164
266173815
266190927
266203953
266210864
266211047
266221168
266223276
266228210
266255726
266260620
266264901
266277898
266283340
266290605
266299680
266310539
266317875
266318793
266321327
266321404
266335016
266341289
266345981
266349128
266350746
266361861
266362258
266372370
266376285
266377903
266386140
266398449
266398942
266406718
266411669
266424136
266429298
266437075
266441300
266447737
266451385
266455941
266458939
266460937
266461367
266471665
266486432
266487468
266487896
266497232
266519676
266523820
266533738
266536112
266536521
266542410
266557984
266558438
266570789
266571996
266578352
266586781
266587841
266591923
266595503
266598803
266602713
266624653
266647000
266702169
266710369
266715872
266724117
266725932
266727801
266727870
266731705
266735213
266737245
266737728
266747807
266753615
266758631
266761214
266788293
266789084
266794476
266799147
266803581
266807308
266810156
266813454
266817520
266817731
266820349
266828667
266833880
266844529
266844956
266845562
266858645
266862072
266862680
266870843
266880705
266897245
266914578
266929854
266952032
266953752
266963534
266973740
266991442
266992414
267011359
267013738
267027976
267029046
267030961
267032335
267033105
267033847
267046259
267052797
267057545
267083265
267086853
267091081
267096725
267103969
267130891
267140851
267151026
267159849
267172027
267173691
267174387
267184159
267185213
267198680
267209212
267221663
267224908
267230826
267231862
267234089
267244162
267246521
267250247
267256624
267264342
267283118
267292463
267308457
267309360
267323667
267324394
267331283
267342717
267353208
267357117
267360938
267369482
267374210
267380207
267380542
267381170
267385021
267391135
267393482
267419102
267430109
267437197
267441037
267465172
267465842
267475492
267477345
267485887
267487225
267501843
267507195
267520550
267526253
267530459
267540430
267541369
267552732
267566018
267566581
267582289
267584403
267592773
267596598
267601532
267616079
267624530
267626296
267627692
267631576
267631660
267636573
267638028
267643238
267651564
267654116
267673766
267673776
267679173
267684312
267688902
267689186
267689582
267694595
267704725
267708353
267709140
267711341
267719680
267727165
267741239
267743775
267744274
267748064
267758613
267759720
267784859
267795420
267802310
267806810
267809308
267812765
267815585
267815786
267816935
267820602
267821697
267823191
267823209
267852538
267854610
267858179
267865992
267868050
267871931
267890510
267893167
267895610
267909519
267911550
267914436
267922913
267929725
267937987
267952769
267968948
267978967
267984056
267993468
267998537
268011473
268016909
268025206
268032148
268054360
268055630
268055848
268065048
268081018
268081489
268085768
268095217
268097081
268103438
268105184
268106168
268122998
268145507
268166484
268167225
268179532
268185776
268187665
268199830
268201870
268208823
268215448
268219697
268235548
268244719
268251829
268256146
268256260
268256486
268256540
268257362
268264219
268265810
268276967
268283482
268284345
268296818
268297239
268301134
268315490
268332068
268334178
268342574
268343921
268346760
268366219
268395962
268397393
268409928
268422451
268428482
268429146
268431587
268432982
268434732
268441971
268448406
268463380
268468010
268473203
268480854
268480941
268481120
268492105
268494097
268497261
268499385
268501825
268515458
268515802
268534230
268535621
268543027
268559082
268562579
268569192
268580713
268581559
268591773
268596732
268596914
268599220
268599368
268631902
268646798
268665749
268668496
268687636
268691664
268698487
268699339
268706294
268710579
268711285
268724321
268729568
268732691
268737508
268745446
268766426
268772446
268775072
268775602
268780249
268784829
268792074
268798801
268805283
268810839
268811770
268812361
268818924
268837832
268840552
268858234
268863947
268864932
268867603
268875530
268878248
268890106
268895281
268903935
268921574
268921637
268925947
268928947
268939813
268940249
268944896
268954151
268959061
268967583
268977605
268978912
268993683
268994103
269034614
269040231
269041238
269050309
269056759
269057360
269060713
269061791
269061953
269062131
269062770
269065469
269071857
269088771
269093578
269094419
269102293
269105696
269106023
269120338
269121332
269137790
269145221
269148912
269161127
269163162
269163198
269163906
269167378
269173518
269173726
269174019
269177414
269180502
269180745
269206643
269208895
269209893
269214173
269215615
269220760
269223124
269223342
269230831
269251224
269259806
269286171
269288013
269291382
269309621
269312082
269315890
269327131
269334976
269345270
269345643
269345739
269353302
269357993
269369518
269370440
269375382
269375661
269379902
269387740
269388720
269392679
269398042
269407554
269410306
269411350
269420107
269424807
269426178
269427135
269427521
269428670
269429001
269434828
269443152
269458820
269470879
269473176
269475391
269484563
269493546
269497414
269509258
269510290
269511267
269512373
269512617
269513872
269515218
269520386
269539424
269539742
269542946
269549145
269558783
269559471
269561275
269565913
269572604
269572914
269576614
269584645
269586768
269586940
269596318
269604185
269609381
269614016
269616715
269617143
269618869
269626586
269632392
269643996
269653276
269657447
269658229
269660410
269664683
269676693
269684515
269693012
269699098
269703660
269708612
269709596
269713245
269714852
269716229
269716650
269720964
269725208
269726636
269733507
269735678
269738498
269748528
269753393
269753525
269755463
269757323
269764765
269771314
269771515
269786606
269788994
269798436
269799451
269802406
269813254
269820452
269824410
269828642
269833157
269834206
269836626
269838747
269842584
269843264
269845430
269846649
269847150
269850471
269855257
269855847
269856093
269862404
269864453
269866148
269866449
269872195
269874237
269878078
269885590
269887762
269892845
269897301
269910124
269910731
269916371
269920475
269921139
269922553
269933086
269936106
269936420
269940635
269941247
269944178
269946423
269969387
269972632
269976292
269977624
269978832
269982683
270007894
270008235
270008350
270008377
270011940
270047866
270048144
270057886
270063639
270067699
270068522
270072478
270103316
270117892
270119115
270132477
270137402
270142611
270147844
270159944
270183233
270203123
270250303
270267277
270271276
270272709
270272911
270288201
270300201
270303359
270324040
270333910
270333930
270340744
270361200
270366460
270390454
270411189
270443221
270444688
270446441
270467437
270487132
270636668
270646664
270662663
270673232
270706391
270710228
270857772
270858547
270861919
270888167
270888688
270910477
270988600
271000697
271000853
271010403
271022242
271047088
271088988
271111604
271155733
271172246
271213139
271214747
271215156
271221400
271224243
271230039
271232772
271254438
271261850
271267339
271267443
271267447
271272575
271274432
271274435
271277085
271332736
271334512
271334515
271334518
271334521
271338618
271338625
271338626
271338717
271338772
271338773
271338774
271338843
271338845
271338846
271338848
271338849
271338852
271338853
271338854
271338856
271338858
271338876
271338898
271338912
271339274
271339275
271339281
271339283
271339284
271339285
271339291
271339781
271339786
271354332
271356725
271376773
271376775
271377524
271377652
271377653
271377654
271377656
271377657
271377658
271377659
271377672
271377848
271377851
271377856
271377857
271377858
271377861
271377862
271377863
271377864
271424426
271424431
271424440
271428332
271428336
271428445
271428774
271428826
271428829
271428832
271428835
271428836
271428842
271428843
271428845
271428846
271428847
271428848
271428849
271428851
271428852
271428853
271428854
271428856
271428892
271428894
271428895
271429331
271429334
271429771
271429772
271429773
271429774
271429775
271429884
271431231
271431234
271431236
271431239
271432882
271432883
271433126
271433127
271433162
271433169
271433185
271433193
271433213
271433214
271433215
271433218
271433251
271433274
271433438
271433441
271433443
271433447
271433453
271433456
271433634
271433641
271433643
271433646
271433648
271433651
271433652
271433657
271433675
271433681
271435889
271436234
271436334
271436335
271436336
271436337
271436338
271436445
271437335
271437447
271437678
271438779
271438789
271438813
271438815
271438817
271438824
271438825
271438837
271438839
271438842
271438847
271438851
271438852
271440999
271441440
271442193
271443187
271444432
271456589
271477942
271486984
271534685
271536781
271536889
271537723
271544251
271544829
271546789
271546881
271586440
271587726
271624422
271624424
271668522
271731133
271746519
271788247
271852447
271852448
271852567
271852772
271877781
271933444
272000156
272000366
272147862
272244432
272270955
272476767
272606655
272651234
272732339
272800727
272816439
272825713
272852255
272920288
273077703
273219331
273219334
273219336
273219337
273219443
273219445
273223730
273237891
273275445
273312749
273312857
273312873
273312936
273313219
273313256
273313264
273313575
273313614
273313616
273313624
273313818
273313967
273314697
273314725
273314882
273314884
273314885
273314886
273314947
273315217
273315218
273315231
273315243
273315247
273315268
273315314
273317638
273325428
273334175
273336763
273342227
273342979
273344753
273367427
273367587
273367589
273376474
273376815
273377215
273378193
273378195
273378197
273381923
273383462
273385448
273385759
273386539
273386834
273386836
273387785
273388298
273388492
273389882
273394883
273394884
273394892
273394937
273398535
273398618
273398619
273413356
273413774
273413775
273413776
273413885
273413887
273422230
273424885
273424887
273428823
273428841
273428845
273428846
273433142
273433143
273433476
273433593
273433871
273433878
273441349
273443341
273445871
273447535
273448868
273449198
273449358
273449483
273452885
273452889
273454426
273454686
273454691
273459649
273459823
273464339
273467846
273472335
273472338
273477361
273477424
273477471
273477481
273477485
273477513
273477519
273486784
273487132
273494886
273495337
273523495
273523497
273523678
273523772
273524495
273524496
273524497
273524561
273524562
273525337
273525338
273525442
273527759
273527794
273527796
273527881
273528338
273528447
273528449
273528771
273528773
273528775
273528776
273528824
273528826
273528827
273528828
273528829
273528857
273528858
273528896
273529334
273529335
273529336
273529443
273529445
273529678
273529882
273531441
273531442
273533572
273533573
273533578
273533579
273533581
273533584
273533585
273533596
273533597
273533612
273533615
273533616
273533618
273533619
273533623
273533625
273533626
273533631
273533656
273533763
273533765
273533767
273533768
273533893
273533978
273534331
273534471
273534483
273534484
273534485
273534495
273534498
273534513
273534525
273534538
273534565
273534574
273534587
273534597
273534884
273534887
273536335
273536338
273537716
273537726
273537739
273538688
273538779
273538812
273538813
273538823
273538831
273538832
273538834
273544625
273544736
273544739
273544828
273547726
273547881
273547882
273563359
273563883
273563884
273567267
273567271
273567278
273567283
273567285
273567313
273567314
273567319
273567326
273567336
273567339
273567713
273567715
273577756
273598839
273598841
273598842
273598845
273598847
273598848
273598849
273598852
273598853
273598856
273614453
273614454
273666610
273666717
273673015
273707011
273993221
274102828
274121124
274141983
274152622
274213383
274217616
274219441
274233597
274233649
274233785
274412839
274414263
274414625
274425758
274425761
274425964
274426365
274426398
274426427
274426838
274426842
274426848
274426989
274427163
274427164
274427165
274427168
274427173
274427174
274427175
274427178
274427182
274427342
274427343
274427347
274427351
274429639
274432491
274432645
274432652
274434275
274436741
274436921
274437641
274438973
274439573
274439746
274439751
274451359
274451595
274452781
274452782
274452786
274452789
274452816
274628052
274628217
274636536
274657197
274718321
274718479
274748719
274765337
274771365
274771385
274771545
274771561
274771562
274771731
274771741
274771748
274771751
274771756
274771759
274771764
274771765
274771857
274771859
274771878
274771958
274772162
274772462
274772485
274772513
274772515
274772534
274772536
274772541
274772563
274772587
274772589
274772591
274772594
274772595
274772598
274772612
274772656
274772692
274772698
274772714
274772715
274772717
274772813
274772832
274772843
274772847
274772853
274772858
274772859
274775962
274776959
274784482
274787758
274787765
274819882
274821884
274821885
274821889
274844512
274877329
274877335
274877346
274877462
274877538
274877568
274877657
274877658
274877671
274877935
274877961
274887195
274894774
274953364
275441238
275441348
275441352
275441354
275441363
275441367
275441496
275441832
275441839
275441864
275449338
275449341
275449381
275449382
275449385
275449386
275449387
275449389
275449392
275449435
275449439
275449452
275449453
275477626
275477628
275477632
275477634
275477638
275484462
275516503
275641576
275856712
275856737
275865778
275865881
275877471
275877537
275877564
275877647
275877648
275877687
275877849
275877864
275877986
275877987
275877989
275878234
275878332
275878334
275878335
275878336
275878337
275878338
275878345
275878442
275878445
275878446
275878449
275878456
275879434
275881254
275881376
275887395
275893884
275898843
275970821
275988946
276060070
276111021
276123545
276123546
276123547
276123563
276123569
276123634
276124465
276128862
276128863
276133179
276133812
276138335
276138338
276138339
276138819
276142789
276144332
276144336
276144356
276144696
276144737
276144915
276146338
276149332
276163443
276163445
276169775
276169778
276172342
276172441
276174498
276174562
276174776
276174886
276183387
276183389
276183392
276183393
276183394
276188472
276188589
276188659
276188943
276188946
276189773
276189775
276192331
276194776
276196345
276196441
276196442
276196447
276196448
276196776
276196778
276196785
276196884
276196885
276197738
276197894
276197897
276198234
276198331
276198332
276198334
276198335
276198338
276198857
276198879
276213327
276213567
276213779
276213882
276213886
276222005
276222442
276222447
276244288
276244346
276244348
276244353
276244359
276244361
276244542
276244543
276244546
276244568
276244569
276244571
276244574
276244575
276244576
276244578
276244597
276244612
276244613
276244643
276244649
276244651
276244652
276248879
276259336
276259337
276259338
276259775
276259778
276261442
276261443
276261445
276261446
276261678
276261771
276261775
276261887
276263398
276263448
276263451
276263453
276263771
276263772
276263778
276263779
276263789
276263883
276263884
276263887
276264331
276264335
276264336
276264337
276264338
276264417
276264426
276264434
276277192
276277193
276277194
276277195
276277196
276277198
276277213
276277214
276277216
276277217
276278857
276278859
276278862
276298443
276298445
276298771
276298847
276298848
276298849
276298851
276298853
276298854
276298856
276298857
276298859
276298861
276314345
276314412
276314417
276314421
276314463
276314482
276314486
276314487
276315773
276315776
276316784
276317746
276317781
276317785
276317786
276318812
276318862
276318878
276323432
276323448
276328445
276328447
276331486
276334251
276334926
276335786
276336481
276337541
276337777
276337835
276337841
276338816
276338984
276339149
276339349
276343341
276343349
276343356
276343368
276354417
276354418
276354419
276354424
276354425
276354427
276354429
276354434
276354465
276354467
276354496
276354498
276358339
276358826
276367785
276367872
276368234
276368334
276368778
276368832
276368859
276368872
276369445
276369883
276371776
276371789
276372337
276372342
276372889
276373315
276373316
276373349
276373395
276373678
276374434
276374461
276374463
276374465
276374485
276374487
276374567
276374771
276374772
276374883
276374886
276378893
276388169
276393938
276394475
276394482
276412441
276412443
276423467
276424493
276433512
276433781
276433787
276438832
276441264
276441567
276443735
276443742
276443757
276443795
276443814
276443883
276443921
276443941
276443987
276445139
276445316
276445386
276445958
276445967
276446389
276446526
276446849
276447319
276447786
276447795
276447951
276448159
276448178
276449859
276449867
276449872
276451231
276451456
276453374
276453381
276453452
276453456
276453773
276453774
276453775
276453882
276453884
276456167
276458835
276461235
276474427
276474432
276475673
276475674
276477189
276477351
276477841
276477843
276477871
276478947
276478978
276483441
276483446
276488294
276488472
276488621
276488627
276488713
276488724
276498966
276644491
276665544
276719775
276724564
276757339
276758845
276762857
276763186
276775136
276781525
276877541
276877543
276878954
276878971
276879337
276881261
276881346
276881352
276882946
276883437
276884452
276884453
276885875
276885893
276885897
276888174
276917895
276953373
276967784
277054423
277135434
277135469
277135726
277136247
277136852
277141460
277169828
277169829
277169838
277169841
277169842
277169843
277169845
277172437
277172438
277172445
277172446
277172449
277172453
277172454
277172457
277172458
277172459
277172464
277172469
277172472
277172473
277172474
277172476
277172478
277172479
277172481
277172482
277172483
277172494
277172497
277172512
277172513
277172516
277172517
277172519
277172531
277172532
277172535
277172537
277172538
277172539
277172541
277172543
277172546
277172548
277172549
277172561
277172563
277172565
277172567
277172568
277172712
277172714
277172732
277172735
277172736
277172738
277172739
277172741
277172743
277172746
277172749
277172752
277172753
277172756
277172757
277172758
277172764
277172767
277172768
277172769
277172781
277172782
277172785
277172786
277172791
277172792
277172794
277172795
277172796
277172797
277196764
277196773
277243522
277303037
277318314
277318378
277319675
277323489
277323512
277323518
277323585
277323694
277324762
277325873
277335236
277335428
277336268
277384762
277384781
277384963
277384976
277385195
277385216
277385231
277385239
277385243
277385285
277385294
277385297
277385382
277385447
277385493
277385673
277385676
277385735
277385737
277385739
277385741
277385748
277385751
277385986
277385987
277386132
277386134
277386135
277386143
277386238
277386245
277386253
277386256
277386257
277386284
277386294
277386295
277386298
277386313
277386314
277386318
277386321
277386326
277386329
277386331
277386343
277386381
277386384
277386453
277386461
277386469
277386471
277386473
277386498
277386513
277386514
277386526
277386536
277386575
277386585
277386596
277386712
277386717
277386719
277386726
277386729
277386736
277386741
277386747
277386762
277393653
277395715
277395716
277395745
277395746
277395749
277395751
277395752
277395754
277395763
277395765
277395768
277395769
277395772
277395782
277395784
277395785
277395786
277395787
277395792
277395793
277395794
277395795
277395796
277395797
277395812
277395814
277395815
277395816
277395818
277395825
277395826
277395832
277395834
277395835
277395837
277395839
277395842
277395843
277395845
277395847
277395848
277395852
277395853
277395854
277395856
277395859
277395861
277395862
277395865
277395879
277395882
277395883
277395884
277397591
277397592
277397598
277397614
277397717
277398363
277398368
277398371
277398374
277398423
277398425
277398428
277398431
277398433
277398436
277398439
277398442
277398443
277398547
277398561
277398562
277398569
277398571
277398574
277398615
277398658
277398659
277398671
277398673
277398675
277398679
277398687
277398689
277398691
277398692
277398737
277398745
277398749
277398751
277398753
277398783
277398786
277398861
277398863
277398873
277398945
277413269
277413293
277413296
277413312
277413315
277413316
277413317
277413352
277415972
277416591
277416862
277417483
277418491
277418912
277419853
277424361
277424363
277424364
277424367
277424368
277424369
277424371
277424373
277424374
277424378
277424391
277424432
277424438
277424459
277424478
277424481
277424483
277424498
277424527
277424529
277424538
277424539
277425436
277425443
277425628
277426359
277426431
277426432
277426437
277427167
277427169
277427175
277427345
277427531
277429717
277430757
277431787
277433812
277433813
277433816
277433817
277433824
277433828
277433829
277433831
277433834
277433839
277435275
277436447
277436463
277436467
277436474
277437349
277438825
277438927
277439164
277439183
277439189
277441928
277442751
277443417
277443976
277443979
277445715
277446856
277446863
277446869
277447187
277449625
277456959
277456962
277456971
277456973
277456975
277456979
277456981
277459418
277464474
277464475
277468449
277473847
277473929
277473945
277473946
277473947
277473948
277473949
277473951
277473952
277473953
277473954
277473956
277473959
277473962
277473963
277473964
277473969
277473971
277473976
277473979
277473981
277473982
277473983
277473986
277474169
277474743
277474895
277474931
277474958
277475134
277475136
277475137
277475138
277475139
277475143
277475145
277475147
277475152
277475154
277475156
277475159
277475162
277475165
277475168
277475169
277475174
277475175
277475182
277475183
277475185
277475186
277475187
277475236
277475265
277475267
277475268
277475269
277475273
277475275
277475278
277475279
277475281
277475284
277475293
277475324
277475327
277475329
277475331
277475332
277475335
277475337
277475338
277475339
277475342
277475386
277475389
277475393
277475395
277475396
277475415
277475418
277475424
277475425
277475427
277475428
277475432
277475434
277475435
277475437
277475438
277475439
277475442
277475443
277475468
277475473
277475478
277475771
277475837
277476172
277476189
277476389
277476413
277477317
277478197
277478219
277478237
277478247
277478463
277485298
277485313
277485314
277485316
277485323
277485331
277485332
277485334
277485335
277485339
277485617
277485619
277485621
277485624
277485625
277485627
277485635
277485636
277485638
277485641
277485645
277485647
277485648
277485659
277485673
277485674
277485676
277485686
277485691
277485693
277485712
277485716
277485717
277485719
277485721
277485723
277485726
277485727
277485731
277485734
277485782
277485785
277485787
277485789
277485792
277485793
277485794
277485796
277485814
277485816
277485971
277485972
277486783
277486952
277487789
277488139
277488614
277491392
277495168
277496379
277496421
277497952
277498198
277513823
277514462
277514676
277514794
277515451
277516386
277517316
277518527
277519693
277524941
277536525
277536867
277538359
277539518
277539521
277539864
277539867
277539869
277539871
277539872
277539873
277539874
277539876
277539883
277539891
277539893
277539896
277539897
277541325
277541327
277541328
277541329
277541332
277541335
277541337
277541341
277541343
277541838
277542948
277543357
277543693
277544248
277544264
277545645
277545788
277546153
277546156
277546157
277546159
277546163
277546164
277546173
277546174
277546175
277546178
277546179
277546182
277546183
277546184
277546185
277546187
277546194
277546195
277546197
277546198
277546213
277546215
277546216
277546218
277546236
277546239
277546241
277546243
277546715
277546716
277546859
277546867
277546869
277546874
277546875
277546878
277546879
277546887
277546894
277546914
277546915
277546916
277546923
277546924
277546925
277546926
277546928
277546929
277546931
277546932
277546934
277546936
277546943
277546946
277546947
277546957
277546959
277546963
277546965
277546968
277546969
277546972
277546973
277546974
277546975
277546976
277546978
277546979
277546982
277546983
277546984
277546987
277547132
277547135
277547137
277547139
277547143
277547145
277547394
277547431
277563423
277563428
277563436
277564167
277564273
277564332
277564334
277564372
277564834
277567391
277567534
277572198
277573793
277577487
277577965
277581746
277581751
277584431
277584897
277587132
277587571
277594006
277595446
277596239
277596241
277596414
277596415
277596497
277596525
277596734
277596869
277596942
277598941
277598952
277600455
277613264
277613265
277617334
277617528
277618564
277618574
277618942
277623447
277623672
277628364
277628367
277628435
277629621
277638314
277638323
277638362
277638364
277638376
277638498
277638645
277638647
277638651
277638658
277638671
277638678
277638731
277638892
277638897
277638913
277638914
277638916
277638917
277638936
277638959
277638972
277639238
277639254
277639258
277639259
277639261
277639264
277639268
277639274
277639319
277639323
277639327
277639328
277639336
277639414
277639441
277639447
277639451
277639593
277639635
277639739
277639764
277639795
277645847
277645848
277645849
277645853
277645856
277645857
277645861
277645862
277645936
277645941
277645943
277645945
277645946
277645947
277645948
277645952
277645953
277645957
277651356
277651379
277651381
277651385
277651398
277651421
277651424
277651425
277651427
277651431
277651434
277651437
277651438
277651456
277651461
277651464
277651478
277651529
277651531
277651537
277651539
277651545
277651565
277651624
277651625
277651626
277651628
277651631
277651632
277651638
277651639
277651642
277651643
277651645
277651646
277651647
277651649
277651652
277651653
277651695
277651741
277651743
277651749
277651756
277651758
277651798
277651825
277651826
277651827
277651828
277651848
277651853
277651872
277651873
277651889
277651891
277651892
277651893
277651895
277651897
277651921
277651923
277651924
277651926
277651927
277651929
277651934
277651935
277651946
277651951
277651952
277651953
277651981
277651982
277651983
277651984
277651985
277652144
277652146
277652153
277652154
277652156
277652158
277652159
277652162
277652164
277652167
277652332
277652334
277652343
277652345
277652347
277652349
277652351
277652353
277652356
277652357
277652358
277652359
277652361
277652363
277652364
277652365
277652367
277652372
277652376
277652379
277652382
277652388
277652394
277652457
277652464
277652469
277652471
277652472
277652473
277652478
277652482
277652483
277652486
277652487
277652491
277652494
277652496
277652498
277652512
277652513
277652517
277652518
277652534
277652538
277652539
277652541
277652543
277652545
277652561
277652563
277652578
277652579
277652581
277652591
277652619
277652659
277652676
277652678
277652686
277652697
277652719
277652736
277652737
277652739
277652741
277652743
277652745
277652747
277652748
277652751
277652786
277652789
277652791
277652792
277652796
277652797
277652815
277652817
277652819
277652835
277652836
277652837
277652851
277652852
277652853
277652857
277652863
277652865
277652871
277652872
277652875
277652876
277652878
277652879
277652884
277652896
277652898
277652914
277652915
277652919
277653324
277653342
277653448
277653451
277653458
277653463
277653464
277653475
277653621
277653624
277653634
277653642
277653684
277654721
277654775
277654797
277658197
277671749
277671752
277677848
277683184
277683285
277683291
277684362
277684658
277684697
277684716
277684781
277684874
277684914
277684916
277685143
277685193
277685241
277685243
277685245
277685246
277685247
277685248
277685249
277685253
277685254
277685256
277685285
277685286
277685291
277685293
277685295
277685297
277685298
277685312
277685313
277685319
277685321
277685847
277694516
277694521
277694549
277723954
277778617
277778886
277819792
277819793
277819794
277819795
277819796
277819798
277819812
277819814
277819821
277819823
277819824
277819827
277819828
277819829
277819834
277819835
277819837
277819838
277819843
277819852
277819856
277819858
277819862
277819863
277819865
277819867
277819868
277819872
277819875
277819876
277821445
277821448
277821449
277821451
277821452
277821453
277821454
277821456
277821458
277821459
277821473
277821474
277821476
277821478
277821479
277828546
277828548
277828563
277828589
277828592
277828793
277828796
277828798
277828831
277841754
277841879
277842386
277842542
277842567
277842615
277843325
277843982
277846134
277847346
277847374
277847564
277849152
277851445
277856457
277856461
277857294
277867625
277867633
277867643
277867648
277867828
277867836
277874779
277874781
277879676
277879678
277879679
277887658
277887675
277911858
277918111
277931839
277931845
277932786
277933196
277933981
277933982
277933985
277934132
277934134
277934135
277934142
277934145
277934152
277934154
277934156
277934158
277934169
277934268
277934682
277934683
277934781
277934782
277934939
277936457
277936561
277938156
277939421
277940920
277941696
277945175
277946317
277946319
277946323
277946331
277946332
277946582
277946984
277946986
277947132
277947183
277947281
277947297
277947347
277947383
277947762
277948986
277949134
277949138
277949618
277949627
277956267
277956269
277956319
277956926
277957469
277957496
277957512
277957513
277957519
277958483
277958876
277959625
277959629
277959631
277959634
277959636
277959637
277959638
277959868
277973143
277976881
277976958
277976963
277976974
277976975
277976978
277976981
277977283
277977286
277977886
277977889
277977891
277977892
277977893
277977895
277977896
277981595
277981976
277982416
277982837
277982846
277986335
277986496
277986497
277986579
277986582
277986584
277986715
277986774
277986779
277986782
277986785
277986787
278182163
278234476
278234494
278235778
278237768
278238445
278239333
278254489
278254493
278274496
278275447
278277138
278277189
278288562
278295337
278314881
278315234
278315339
278315676
278318832
278318843
278321688
278327787
278327793
278329443
278332345
278335646
278336182
278336287
278336291
278336919
278336937
278336959
278339435
278339438
278343365
278344249
278344337
278377823
278387887
278388128
278388172
278456192
278473731
278473771
278473773
278473774
278473775
278473789
278477153
278477154
278477156
278477157
278477265
278477267
278477268
278477269
278477286
278477287
278477291
278477293
278477294
278477295
278477296
278477297
278477313
278477314
278477387
278477391
278477392
278477427
278477428
278477429
278477431
278477432
278477434
278477436
278477437
278477438
278477439
278477443
278477447
278477568
278477897
278477913
278477927
278477939
278477942
278477943
278477946
278477961
278477967
278477968
278477971
278478817
278478818
278478819
278478845
278478849
278478865
278478868
278478869
278478879
278478926
278478941
278478964
278478967
278478975
278478976
278494472
278494492
278512352
278513386
278513394
278521446
278521447
278527758
278527762
278527764
278527765
278527768
278532436
278533269
278533273
278533275
278533281
278533283
278533285
278533286
278533291
278544324
278544326
278544336
278544339
278544518
278544519
278544536
278544537
278544561
278544565
278544573
278544593
278544598
278544614
278544615
278544623
278544627
278544628
278544654
278544658
278544678
278544691
278544692
278544694
278544695
278544696
278544715
278544719
278544723
278544724
278544729
278544759
278544761
278544763
278544797
278544824
278544917
278544923
278544925
278544927
278544931
278544941
278544943
278544945
278544957
278544961
278544967
278544968
278544969
278547234
278547332
278547442
278547443
278547723
278547725
278547728
278548441
278548442
278548771
278548776
278548778
278548779
278548789
278548812
278548813
278548818
278561442
278561447
278564886
278565234
278565332
278565335
278565337
278565338
278565339
278565345
278565441
278565445
278565771
278565772
278565773
278565774
278565775
278567323
278567361
278567743
278567747
278567748
278567751
278567752
278567754
278567757
278567758
278567889
278567896
278567926
278567931
278567934
278567935
278567938
278567939
278567946
278567967
278567968
278567971
278567973
278567982
278567985
278567986
278567989
278568336
278568337
278568338
278568339
278568441
278568442
278568778
278568779
278568819
278568848
278568852
278568858
278568859
278568863
278569335
278569456
278569567
278569772
278569773
278571567
278571776
278571779
278572447
278623398
278623421
278627334
278669123
278678393
278678587
278678924
278687714
278687726
278688461
278688696
278688697
278688753
278691775
278827459
278829156
278829571
278830618
278833279
278834158
278834164
278834173
278834192
278834196
278834215
278834217
278834218
278834231
278834237
278834273
278834274
278834276
278834285
278834315
278834316
278834319
278834332
278834334
278834369
278835863
278835864
278835871
278835873
278836214
278836215
278837189
278843823
278843825
278843831
278843832
278898741
278916583
278916584
278916589
278916713
278916767
278916828
278918783
278927646
278927758
278928194
278928835
278929778
278929815
278931887
278936771
278951848
278953827
278953829
278953841
278971954
278972456
278972473
278973495
278973497
278973513
278973516
278973523
278973617
278973618
278973619
278973626
278973627
278973629
278973639
278973643
278973651
278973654
278985126
278985732
278986338
278987815
278988356
279148846
279154459
279154462
279158867
279163775
279163882
279177132
279177378
279177392
279177394
279177694
279177695
279177829
279177831
279177832
279177834
279177837
279177843
279177845
279177847
279177848
279177849
279177957
279177961
279177962
279177963
279177964
279178177
279212021
279219789
279234167
279234592
279234618
279234619
279234621
279235884
279237882
279237883
279237886
279237889
279237891
279237893
279237894
279237898
279238332
279238477
279238567
279238773
279238776
279238788
279238812
279238813
279238817
279239779
279241335
279241445
279241448
279241449
279243384
279354882
279357337
279382331
279388146
279388147
279388148
279388149
279388152
279388153
279388156
279388157
279388158
279388162
279388216
279388218
279388234
279388237
279441254
279445147
279447897
279448515
279448728
279448757
279448932
279448947
279452332
279477417
279487132
279488389
279518338
279568085
279587928
279673571
279757897
279763361
279773192
279776218
279776528
279776864
279776865
279779621
279779648
279782567
279788127
279792539
279794596
279794731
279794751
279817736
279827714
279827721
279827735
279828831
279829789
279829889
279831447
279833935
279833936
279834464
279837726
279837741
279844649
279844693
279845773
279847729
279847737
279867761
279878842
279892741
279896834
279903333
279933246
560062171
560106250
560191258
560220593
560243493
560313092
560362985
560381907
560392976
560420086
560420089
560420144
560420145
560420146
560507458
560525313
560645135
560670911
560695572
560741252
560745073
560752320
560794281
560865142
560906763
561005354
561020389
561267160
561292491
561312906
561337096
561396272
561398376
561528080
561695841
561729750
561739754
561821376
561844802
561890043
561978371
570001607
570010042
570041100
570053366
570223366
570300101
570623984
570660700
570930275
571128835
571244233
571281038
571349276
571349291
571351425
571470479
571677409
571683580
571784143
571900200
572171880
572215379
572388726
572424427
572852247
573056475
573077513
573077812
573159892
573334415
573335773
573344974
573388188
573402604
573445409
573447212
573523015
573562447
573639915
573657787
573696977
573704659
573723851
573759278
574038634
574174410
574268337
574282790
574422068
574443302
574645276
574646341
574801212
574828742
574855164
574867170
574922319
574924034
575015292
575015295
575015297
575080009
575088076
575288865
575288894
575435601
575501696
575505311
575507123
575545200
575581791
575613646
575673971
575690667
575704053
575821707
575863393
576001033
576030270
576135949
576136928
576212112
576248597
576274737
576313498
576346613
576369406
576370750
576378317
576418185
576693062
576784925
576848790
576849353
576903398
576945316
576959029
576968028
577007713
577024376
577041965
577117720
577129208
577194251
577276935
577449755
577633224
577684199
577842331
577858520
578045352
578073184
578116969
578185041
578226394
578244530
578290785
578381671
578423876
578547187
578547195
578554024
578589961
578717181
578717191
578717474
578725047
578787171
578841948
578866331
578918282
578928282
578951882
578973674
579018921
579097228
579106048
579108802
579170767
579221509
579226408
579248201
579262906
579273648
579306784
579325337
579404077
579449413
579515807
579515825
579518438
579578243
579578253
579600093
579664484
579745171
579746994
579990999